1 1 1 1 1 1 1 1 1 1 1 1 1 1 1 1 1 1 1 1 1 1 1 1 1 1 1 1 1 1 1 1 1 1 1 1 1 1 1 1 1 1 1 1 1 1 1 1 1 1 1 1 1 1 1 1 1 1 1 1 1 1 1 1 1 1 1 1 1 1 1 1 1 1 1 1 1 1 1 1 1 1 1 1 1 1 1 1 1 1 1 1 1 1 1 1 1 1 1 1 
1 1 1 1 1 1 1 1 1 1 1 1 1 1 1 1 1 1 1 1 1 1 1 1 1 1 1 1 1 1 1 1 1 1 1 1 1 1 1 1 1 1 1 1 1 1 1 1 1 1 1 1 1 1 1 1 1 1 1 1 1 1 1 1 1 1 1 1 1 1 1 1 1 1 1 1 1 1 1 1 1 1 1 1 1 1 1 1 1 1 1 1 1 1 1 1 1 1 1 1 
1 1 1 1 1 1 1 1 1 1 1 1 1 1 1 1 1 1 1 1 1 1 1 1 1 1 1 1 1 1 1 1 1 1 1 1 1 1 1 1 1 1 1 1 1 1 1 1 1 1 1 1 1 1 1 1 1 1 1 1 1 1 1 1 1 1 1 1 1 1 1 1 1 1 1 1 1 1 1 1 1 1 1 1 1 1 1 1 1 1 1 1 1 1 1 1 1 1 1 1 
1 1 1 1 1 1 1 1 1 1 1 1 1 1 1 1 1 1 1 1 1 1 1 1 1 1 1 1 1 1 1 1 1 1 1 1 1 1 1 1 1 1 1 1 1 1 1 1 1 1 1 1 1 1 1 1 1 1 1 1 1 1 1 1 1 1 1 1 1 1 1 1 1 1 1 1 1 1 1 1 1 1 1 1 1 1 1 1 1 1 1 1 1 1 1 1 1 1 1 1 
1 1 1 1 1 1 1 1 1 1 1 1 1 1 1 1 1 1 1 1 1 1 1 1 1 1 1 1 1 1 1 1 1 1 1 1 1 1 1 1 1 1 1 1 1 1 1 1 1 1 1 1 1 1 1 1 1 1 1 1 1 1 1 1 1 1 1 1 1 1 1 1 1 1 1 1 1 1 1 1 1 1 1 1 1 1 1 1 1 1 1 1 1 1 1 1 1 1 1 1 
1 1 1 1 1 1 1 1 1 1 1 1 1 1 1 1 1 1 1 1 1 1 1 1 1 1 1 1 1 1 1 1 1 1 1 1 1 1 1 1 1 1 1 1 1 1 1 1 1 1 1 1 1 1 1 1 1 1 1 1 1 1 1 1 1 1 1 1 1 1 1 1 1 1 1 1 1 1 1 1 1 1 1 1 1 1 1 1 1 1 1 1 1 1 1 1 1 1 1 1 
1 1 1 1 1 1 1 1 1 1 1 1 1 1 1 1 1 1 1 1 1 1 1 1 1 1 1 1 1 1 1 1 1 1 1 1 1 1 1 1 1 1 1 1 1 1 1 1 1 1 1 1 1 1 1 1 1 1 1 1 1 1 1 1 1 1 1 1 1 1 1 1 1 1 1 1 1 1 1 1 1 1 1 1 1 1 1 1 1 1 1 1 1 1 1 1 1 1 1 1 
1 1 1 1 1 1 1 1 1 1 1 1 1 1 1 1 1 1 1 1 1 1 1 1 1 1 1 1 1 1 1 1 1 1 1 1 1 1 1 1 1 1 1 1 1 1 1 1 1 1 1 1 1 1 1 1 1 1 1 1 1 1 1 1 1 1 1 1 1 1 1 1 1 1 1 1 1 1 1 1 1 1 1 1 1 1 1 1 1 1 1 1 1 1 1 1 1 1 1 1 
1 1 1 1 1 1 1 1 1 1 1 1 1 1 1 1 1 1 1 1 1 1 1 1 1 1 1 1 1 1 1 1 1 1 1 1 1 1 1 1 1 1 1 1 1 1 1 1 1 1 1 1 1 1 1 1 1 1 1 1 1 1 1 1 1 1 1 1 1 1 1 1 1 1 1 1 1 1 1 1 1 1 1 1 1 1 1 1 1 1 1 1 1 1 1 1 1 1 1 1 
1 1 1 1 1 1 1 1 1 1 1 1 1 1 1 1 1 1 1 1 1 1 1 1 1 1 1 1 1 1 1 1 1 1 1 1 1 1 1 1 1 1 1 1 1 1 1 1 1 1 1 1 1 1 1 1 1 1 1 1 1 1 1 1 1 1 1 1 1 1 1 1 1 1 1 1 1 1 1 1 1 1 1 1 1 1 1 1 1 1 1 1 1 1 1 1 1 1 1 1 
1 1 1 1 1 1 1 1 1 1 1 1 1 1 1 1 1 1 1 1 1 1 1 1 1 1 1 1 1 1 1 1 1 1 1 1 1 1 1 1 1 1 1 1 1 1 1 1 1 1 1 1 1 1 1 1 1 1 1 1 1 1 1 1 1 1 1 1 1 1 1 1 1 1 1 1 1 1 1 1 1 1 1 1 1 1 1 1 1 1 1 1 1 1 1 1 1 1 1 1 
1 1 1 1 1 1 1 1 1 1 1 1 1 1 1 1 1 1 1 1 1 1 1 1 1 1 1 1 1 1 1 1 1 1 1 1 1 1 1 1 1 1 1 1 1 1 1 1 1 1 1 1 1 1 1 1 1 1 1 1 1 1 1 1 1 1 1 1 1 1 1 1 1 1 1 1 1 1 1 1 1 1 1 1 1 1 1 1 1 1 1 1 1 1 1 1 1 1 1 1 
1 1 1 1 1 1 1 1 1 1 1 1 1 1 1 1 1 1 1 1 1 1 1 1 1 1 1 1 1 1 1 1 1 1 1 1 1 1 1 1 1 1 1 1 1 1 1 1 1 1 1 1 1 1 1 1 1 1 1 1 1 1 1 1 1 1 1 1 1 1 1 1 1 1 1 1 1 1 1 1 1 1 1 1 1 1 1 1 1 1 1 1 1 1 1 1 1 1 1 1 
1 1 1 1 1 1 1 1 1 1 1 1 1 1 1 1 1 1 1 1 1 1 1 1 1 1 1 1 1 1 1 1 1 1 1 1 1 1 1 1 1 1 1 1 1 1 1 1 1 1 1 1 1 1 1 1 1 1 1 1 1 1 1 1 1 1 1 1 1 1 1 1 1 1 1 1 1 1 1 1 1 1 1 1 1 1 1 1 1 1 1 1 1 1 1 1 1 1 1 1 
1 1 1 1 1 1 1 1 1 1 1 1 1 1 1 1 1 1 1 1 1 1 1 1 1 1 1 1 1 1 1 1 1 1 1 1 1 1 1 1 1 1 1 1 1 1 1 1 1 1 1 1 1 1 1 1 1 1 1 1 1 1 1 1 1 1 1 1 1 1 1 1 1 1 1 1 1 1 1 1 1 1 1 1 1 1 1 1 1 1 1 1 1 1 1 1 1 1 1 1 
1 1 1 1 1 1 1 1 1 1 1 1 1 1 1 1 1 1 1 1 1 1 1 1 1 1 1 1 1 1 1 1 1 1 1 1 1 1 1 1 1 1 1 1 1 1 1 1 1 1 1 1 1 1 1 1 1 1 1 1 1 1 1 1 1 1 1 1 1 1 1 1 1 1 1 1 1 1 1 1 1 1 1 1 1 1 1 1 1 1 1 1 1 1 1 1 1 1 1 1 
1 1 1 1 1 1 1 1 1 1 1 1 1 1 1 1 1 1 1 1 1 1 1 1 1 1 1 1 1 1 1 1 1 1 1 1 1 1 1 1 1 1 1 1 1 1 1 1 1 1 1 1 1 1 1 1 1 1 1 1 1 1 1 1 1 1 1 1 1 1 1 1 1 1 1 1 1 1 1 1 1 1 1 1 1 1 1 1 1 1 1 1 1 1 1 1 1 1 1 1 
1 1 1 1 1 1 1 1 1 1 1 1 1 1 1 1 1 1 1 1 1 1 1 1 1 1 1 1 1 1 1 1 1 1 1 1 1 1 1 1 1 1 1 1 1 1 1 1 1 1 1 1 1 1 1 1 1 1 1 1 1 1 1 1 1 1 1 1 1 1 1 1 1 1 1 1 1 1 1 1 1 1 1 1 1 1 1 1 1 1 1 1 1 1 1 1 1 1 1 1 
1 1 1 1 1 1 1 1 1 1 1 1 1 1 1 1 1 1 1 1 1 1 1 1 1 1 1 1 1 1 1 1 1 1 1 1 1 1 1 1 1 1 1 1 1 1 1 1 1 1 1 1 1 1 1 1 1 1 1 1 1 1 1 1 1 1 1 1 1 1 1 1 1 1 1 1 1 1 1 1 1 1 1 1 1 1 1 1 1 1 1 1 1 1 1 1 1 1 1 1 
1 1 1 1 1 1 1 1 1 1 1 1 1 1 1 1 1 1 1 1 1 1 1 1 1 1 1 1 1 1 1 1 1 1 1 1 1 1 1 1 1 1 1 1 1 4 4 4 0 4 4 4 4 4 4 0 4 4 1 1 1 1 1 1 1 1 1 1 1 1 1 1 1 1 1 1 1 1 1 1 1 1 1 1 1 1 1 1 1 1 1 1 1 1 1 1 1 1 1 1 
1 1 1 1 1 1 1 1 1 1 1 1 1 1 1 1 1 1 1 1 1 1 1 1 1 1 1 1 1 1 1 1 1 1 1 1 1 1 4 4 4 0 0 4 4 4 4 4 4 4 4 4 4 4 4 4 4 4 4 4 4 4 0 0 1 1 1 1 1 1 1 1 1 1 1 1 1 1 1 1 1 1 1 1 1 1 1 1 1 1 1 1 1 1 1 1 1 1 1 1 
1 1 1 1 1 1 1 1 1 1 1 1 1 1 1 1 1 1 1 1 1 1 1 1 1 1 1 1 1 1 1 1 1 1 0 4 4 4 4 4 4 4 4 4 4 4 0 4 4 4 4 4 4 4 4 4 4 4 4 0 4 4 4 4 0 0 0 0 1 1 1 1 1 1 1 1 1 1 1 1 1 1 1 1 1 1 1 1 1 1 1 1 1 1 1 1 1 1 1 1 
1 1 1 1 1 1 1 1 1 1 1 1 1 1 1 1 1 1 1 1 1 1 1 1 1 1 1 1 1 1 1 1 0 0 4 4 4 4 4 4 4 4 4 4 4 4 4 4 4 4 4 4 4 0 4 4 4 4 4 4 4 4 4 4 4 4 4 4 4 0 0 1 1 1 1 1 1 1 1 1 1 1 1 1 1 1 1 1 1 1 1 1 1 1 1 1 1 1 1 1 
1 1 1 1 1 1 1 1 1 1 1 1 1 1 1 1 1 1 1 1 1 1 1 1 1 1 1 1 1 1 4 0 4 4 4 4 4 4 4 4 4 4 4 4 4 4 4 0 0 4 4 4 4 4 4 4 4 4 4 0 0 0 0 0 0 0 4 4 4 4 0 0 0 1 1 1 1 1 1 1 1 1 1 1 1 1 1 1 1 1 1 1 1 1 1 1 1 1 1 1 
1 1 1 1 1 1 1 1 1 1 1 1 1 1 1 1 1 1 1 1 1 1 1 1 1 1 1 1 1 0 4 4 4 4 4 4 4 4 4 0 0 4 4 4 4 0 4 4 4 4 4 4 4 4 4 4 4 9 10 11 0 0 0 0 0 0 0 4 4 4 4 4 0 0 1 1 1 1 1 1 1 1 1 1 1 1 1 1 1 1 1 1 1 1 1 1 1 1 1 1 
1 1 1 1 1 1 1 1 1 1 1 1 1 1 1 1 1 1 1 1 1 1 1 1 1 1 1 1 0 0 4 4 4 4 4 4 4 4 0 0 2 0 0 4 4 4 0 4 4 4 4 4 4 0 4 4 0 12 13 14 0 0 0 0 0 0 0 0 4 4 4 4 4 4 0 0 0 1 1 1 1 1 1 1 1 1 1 1 1 1 1 1 1 1 1 1 1 1 1 1 
1 1 1 1 1 1 1 1 1 1 1 1 1 1 1 1 1 1 1 1 1 1 1 1 1 1 0 4 4 4 4 4 4 0 4 4 4 4 0 2 2 2 0 0 4 4 0 4 4 4 0 4 4 4 4 4 4 0 0 0 0 0 0 7 7 0 0 0 0 4 4 4 0 4 0 4 4 0 1 1 1 1 1 1 1 1 1 1 1 1 1 1 1 1 1 1 1 1 1 1 
1 1 1 1 1 1 1 1 1 1 1 1 1 1 1 1 1 1 1 1 1 1 1 1 0 4 4 4 4 0 0 4 4 4 4 4 0 0 2 5 5 5 2 0 0 4 4 4 4 4 4 4 4 4 0 4 4 4 4 0 0 0 0 7 7 7 0 0 0 0 4 4 4 4 4 4 4 0 0 1 1 1 1 1 1 1 1 1 1 1 1 1 1 1 1 1 1 1 1 1 
1 1 1 1 1 1 1 1 1 1 1 1 1 1 1 1 1 1 1 1 1 1 1 0 4 4 0 4 4 0 4 4 4 4 4 4 0 2 5 3 3 3 5 2 0 0 4 4 4 4 4 4 4 4 0 4 4 4 4 4 4 0 0 0 7 7 7 0 0 0 4 4 4 4 4 0 4 4 4 0 1 1 1 1 1 1 1 1 1 1 1 1 1 1 1 1 1 1 1 1 
1 1 1 1 1 1 1 1 1 1 1 1 1 1 1 1 1 1 1 1 1 1 1 4 4 4 4 4 0 4 4 4 4 4 4 4 0 0 5 3 3 3 5 0 0 4 4 4 4 4 0 4 4 4 4 4 4 4 4 4 4 4 4 0 0 7 7 7 0 0 4 4 4 4 4 4 0 4 4 0 1 1 1 1 1 1 1 1 1 1 1 1 1 1 1 1 1 1 1 1 
1 1 1 1 1 1 1 1 1 1 1 1 1 1 1 1 1 1 1 1 1 1 0 4 0 4 4 4 4 4 4 4 4 4 4 0 0 0 5 3 3 3 5 0 0 4 0 4 4 4 0 4 4 4 4 4 4 4 4 4 4 4 4 4 0 0 7 7 7 0 4 4 4 4 4 4 0 4 4 0 1 1 1 1 1 1 1 1 1 1 1 1 1 1 1 1 1 1 1 1 
1 1 1 1 1 1 1 1 1 1 1 1 1 1 1 1 1 1 1 1 1 0 4 0 4 4 4 4 4 4 4 4 4 0 0 4 4 0 5 3 3 3 5 0 4 4 0 4 4 4 4 4 4 4 0 4 4 0 4 0 4 4 4 4 4 4 0 7 7 0 4 4 4 4 4 4 4 0 4 4 0 1 1 1 1 1 1 1 1 1 1 1 1 1 1 1 1 1 1 1 
1 1 1 1 1 1 1 1 1 1 1 1 1 1 1 1 1 1 1 1 0 4 4 4 4 4 4 4 4 4 4 4 4 4 4 4 4 0 5 5 3 5 5 0 4 0 4 4 4 4 4 4 4 4 4 4 4 4 4 4 4 4 4 4 4 4 0 7 7 0 4 4 4 4 0 0 4 4 4 4 0 1 1 1 1 1 1 1 1 1 1 1 1 1 1 1 1 1 1 1 
1 1 1 1 1 1 1 1 1 1 1 1 1 1 1 1 1 1 1 0 0 4 4 4 4 4 4 4 0 4 4 4 4 0 4 4 4 0 0 7 7 7 0 4 4 0 4 4 4 4 0 4 4 4 4 4 4 4 0 4 4 0 0 4 4 4 0 7 7 0 4 4 4 4 4 4 4 4 4 4 4 0 0 1 1 1 1 1 1 1 1 1 1 1 1 1 1 1 1 1 
1 1 1 1 1 1 1 1 1 1 1 1 1 1 1 1 1 1 1 0 4 4 4 4 4 4 4 0 4 4 4 4 4 4 4 4 4 0 7 7 7 7 0 4 4 4 4 4 4 4 4 4 0 4 4 0 4 4 4 4 4 4 4 4 4 4 0 7 7 0 4 4 4 4 4 4 4 4 4 4 4 4 0 1 1 1 1 1 1 1 1 1 1 1 1 1 1 1 1 1 
1 1 1 1 1 1 1 1 1 1 1 1 1 1 1 1 1 1 0 4 4 0 4 4 4 0 0 4 4 0 4 4 4 4 4 4 0 0 7 7 7 0 0 4 4 0 4 4 4 4 4 4 4 4 4 4 4 4 4 4 4 4 4 4 4 4 0 7 7 0 0 4 4 4 0 4 4 4 4 4 4 4 0 1 1 1 1 1 1 1 1 1 1 1 1 1 1 1 1 1 
1 1 1 1 1 1 1 1 1 1 1 1 1 1 1 1 1 1 4 4 0 4 4 0 4 4 4 4 4 4 4 4 4 4 4 4 0 7 7 7 7 4 4 4 4 4 4 4 0 4 4 4 4 0 4 0 4 4 4 4 4 4 4 4 4 4 7 7 7 0 4 4 4 4 4 0 0 4 4 4 4 4 4 1 1 1 1 1 1 1 1 1 1 1 1 1 1 1 1 0 
1 1 1 1 1 1 1 1 1 1 1 1 1 1 1 1 1 0 4 0 4 4 4 4 4 4 4 4 4 4 4 4 0 4 4 0 7 7 7 0 4 4 4 4 4 4 4 4 4 4 4 4 0 0 0 0 0 0 0 0 0 0 0 0 0 7 7 7 0 0 4 4 4 4 4 4 4 4 0 4 4 4 4 1 1 1 1 1 1 1 1 1 1 1 1 1 1 1 1 0 
1 1 1 1 1 1 1 1 1 1 1 1 1 1 1 1 1 0 4 4 4 4 4 4 4 4 0 0 0 4 4 4 4 4 4 0 7 7 0 4 4 4 4 4 4 0 4 4 4 4 4 0 7 7 7 7 7 7 7 7 7 7 7 7 7 7 7 0 0 0 4 4 0 0 4 4 0 4 4 4 4 4 4 1 1 1 1 1 1 1 1 1 1 1 1 1 1 1 1 1 
1 1 1 1 1 1 1 1 1 1 1 1 1 1 1 1 0 0 4 4 4 4 4 4 4 0 0 0 0 0 4 0 4 0 0 7 7 7 0 4 4 4 4 4 4 4 4 4 4 4 0 7 7 7 7 7 7 7 7 7 7 7 7 7 7 7 7 7 7 0 0 4 4 4 4 4 4 4 0 4 4 4 4 0 1 1 1 1 1 1 1 1 1 1 1 1 1 1 1 1 
1 1 1 1 1 1 1 1 1 1 1 1 1 1 1 1 0 4 4 4 4 4 4 0 0 7 7 7 7 0 4 4 4 0 7 7 7 0 4 4 4 4 4 4 4 4 4 4 4 0 7 7 7 0 0 0 4 4 4 4 4 0 0 0 4 0 7 7 7 7 0 0 4 4 0 0 4 4 4 4 4 4 4 0 1 1 1 1 1 1 1 1 1 1 1 1 1 1 1 1 
1 1 1 1 1 1 1 1 1 1 1 1 1 1 1 1 4 4 4 4 4 0 0 0 7 7 7 7 7 7 0 0 4 0 7 7 0 0 4 4 4 4 0 4 4 4 4 0 4 7 7 7 0 4 4 4 4 4 4 4 4 4 4 4 4 4 4 7 7 7 7 0 4 4 4 4 4 4 4 4 4 4 4 0 1 1 1 1 1 1 1 1 1 1 1 1 1 1 1 1 
1 1 1 1 1 1 1 1 1 1 1 1 1 1 1 4 4 4 0 4 4 0 0 7 7 7 0 0 7 7 7 7 0 0 7 7 0 4 4 0 4 4 4 4 4 4 4 0 4 7 7 0 4 4 4 0 4 4 0 4 4 0 4 0 4 4 4 0 0 7 7 7 4 4 4 4 0 4 4 4 4 4 4 0 1 1 1 1 1 1 1 1 1 1 1 1 1 1 1 1 
1 1 1 1 1 1 1 1 1 1 1 1 1 1 0 4 4 4 0 4 0 0 7 7 7 0 0 0 0 7 7 7 7 7 7 7 4 4 4 4 4 4 4 4 0 4 4 0 4 7 7 4 4 4 4 0 4 4 4 4 4 4 4 0 4 4 4 4 0 7 7 7 0 4 4 4 4 4 4 4 4 0 4 0 1 1 1 1 1 1 1 1 1 1 1 1 1 1 1 1 
1 1 1 1 1 1 1 1 1 1 1 1 1 1 4 4 4 0 4 4 0 7 7 7 0 4 4 4 0 0 0 0 7 7 7 7 0 0 4 4 4 4 0 4 4 4 0 4 4 7 7 0 4 4 0 4 4 4 0 4 4 4 4 4 0 4 4 4 4 0 7 7 7 4 4 4 4 4 4 4 4 0 4 0 1 1 1 1 1 1 1 1 1 1 1 1 1 1 1 1 
1 1 1 1 1 1 1 1 1 1 1 1 1 1 4 0 4 0 4 4 0 7 7 0 0 4 4 4 4 4 4 0 7 7 7 7 7 7 0 4 4 4 4 4 0 4 4 4 0 7 7 0 0 4 4 4 4 4 0 4 4 4 4 4 4 0 0 4 4 4 7 7 7 0 4 4 4 4 0 4 4 4 4 4 1 1 1 1 1 1 1 1 1 1 1 1 1 1 1 1 
1 1 1 1 1 1 1 1 1 1 1 1 1 4 4 0 4 4 4 4 0 7 7 0 4 4 4 0 4 4 4 4 0 0 7 7 7 7 7 0 0 0 0 4 4 4 0 4 4 7 7 0 0 0 0 0 0 4 4 4 4 4 0 4 4 4 4 4 4 4 0 7 7 0 4 4 4 4 0 4 4 4 4 4 1 1 1 1 1 1 1 1 1 1 1 1 1 1 1 1 
1 1 1 1 1 1 1 1 1 1 1 1 1 4 0 0 4 4 4 0 0 7 7 0 4 4 4 0 0 4 4 4 4 0 4 4 4 7 7 7 7 7 0 0 0 0 0 4 4 7 7 0 0 0 0 0 0 4 4 4 4 4 4 4 4 4 0 4 4 4 0 7 7 7 0 4 4 4 0 4 4 4 4 4 1 1 1 1 1 1 1 1 1 1 1 1 1 1 1 1 
1 1 1 1 1 1 1 1 1 1 1 1 0 4 0 4 4 4 4 0 0 7 7 0 4 4 0 0 0 4 4 4 0 4 4 4 0 0 7 7 7 7 7 7 7 7 7 7 0 7 7 7 0 0 0 0 0 4 4 4 0 4 4 4 4 4 0 0 4 4 0 7 7 7 0 4 4 4 0 4 4 4 4 0 1 1 1 1 1 1 1 1 1 1 1 1 1 1 1 1 
1 1 1 1 1 1 1 1 1 1 1 1 4 4 4 4 0 4 4 0 0 7 7 0 4 4 4 4 0 4 4 4 4 0 4 4 4 0 4 0 0 7 7 7 7 7 7 7 7 7 7 7 7 7 7 7 0 0 0 4 4 0 4 4 4 4 4 4 4 4 0 0 7 7 0 0 4 4 4 4 4 4 4 0 1 1 1 1 1 1 1 1 1 1 1 1 1 1 1 1 
1 1 1 1 1 1 1 1 1 1 1 1 4 4 4 4 0 4 4 4 0 7 7 0 0 4 0 4 4 0 4 4 4 4 4 0 4 4 4 0 0 0 4 4 0 0 0 7 7 7 7 7 7 7 7 7 7 7 7 0 0 4 4 4 0 4 4 4 4 4 4 0 0 7 7 7 0 4 4 4 4 4 4 4 0 1 1 1 1 1 1 1 1 1 1 1 1 1 1 1 1 
1 1 1 1 1 1 1 1 1 1 1 1 1 0 4 0 4 4 4 4 0 7 7 0 0 4 0 0 4 4 4 4 4 4 4 4 4 4 4 4 4 4 4 4 4 4 0 0 7 7 7 7 7 7 0 7 7 7 7 7 0 0 0 4 4 0 0 0 4 4 4 4 0 7 7 7 0 4 4 4 4 4 4 4 0 1 1 1 1 1 1 1 1 1 1 1 1 1 1 1 1 
1 1 1 1 1 1 1 1 1 1 1 1 1 0 4 4 4 4 4 4 0 0 7 7 0 4 4 0 0 4 0 4 0 4 4 0 0 4 4 4 4 4 0 4 0 0 0 7 7 7 7 7 0 4 4 4 0 7 7 7 0 0 0 4 4 4 4 4 4 4 4 4 0 7 7 4 4 4 4 4 4 4 4 0 1 1 1 1 1 1 1 1 1 1 1 1 1 1 1 1 
1 1 1 1 1 1 1 1 1 1 1 1 0 4 4 4 4 4 4 4 0 0 7 7 7 0 4 4 0 4 4 4 0 4 4 4 0 4 4 4 4 4 4 4 4 0 7 7 7 7 0 0 4 4 4 4 4 0 7 7 7 0 0 0 0 4 0 0 4 4 4 0 0 7 7 4 0 0 4 4 4 4 4 0 1 1 1 1 1 1 1 1 1 1 1 1 1 1 1 1 
1 1 1 1 1 1 1 1 1 1 1 1 0 4 4 4 4 4 4 4 4 4 0 7 7 0 0 4 0 0 4 4 0 4 0 4 4 4 4 4 4 4 4 4 4 0 7 7 0 0 4 4 4 4 0 4 4 4 0 7 7 7 0 0 0 0 0 0 4 4 4 0 0 7 7 4 0 0 4 0 4 0 4 0 1 1 1 1 1 1 1 1 1 1 1 1 1 1 1 1 
1 1 1 1 1 1 1 1 1 1 1 1 0 4 0 4 4 4 4 4 0 4 4 7 7 7 0 4 4 4 4 4 0 4 4 4 4 4 4 4 4 0 0 0 7 7 7 0 0 0 4 4 4 4 4 4 0 4 0 0 7 7 7 7 7 7 7 7 0 4 4 0 7 7 7 4 4 4 4 4 4 0 4 0 1 1 1 1 1 1 1 1 1 1 1 1 1 1 1 1 
1 1 1 1 1 1 1 1 1 1 1 1 0 4 4 4 4 4 4 4 0 0 4 7 7 7 0 0 4 0 4 4 4 4 4 4 4 4 4 4 0 0 7 7 7 7 0 0 0 4 4 4 4 4 4 4 0 4 0 0 7 7 7 7 7 7 7 7 0 0 0 7 7 7 0 4 4 4 0 4 4 4 4 1 1 1 1 1 1 1 1 1 1 1 1 1 1 1 1 1 
1 1 1 1 1 1 1 1 1 1 1 1 0 4 4 4 4 4 4 4 4 4 4 0 7 7 7 0 4 4 4 4 4 4 4 4 4 4 4 0 0 7 7 7 7 7 0 0 4 4 4 4 4 4 4 0 4 4 0 7 7 7 0 4 0 0 7 7 7 7 7 7 7 0 4 4 0 4 4 4 4 4 0 1 1 1 1 1 1 1 1 1 1 1 1 1 1 1 1 1 
1 1 1 1 1 1 1 1 1 1 1 1 0 4 4 4 4 4 0 4 4 4 4 4 7 7 7 7 0 4 4 4 4 4 4 4 4 4 0 7 7 7 7 0 7 7 7 0 4 4 4 4 4 4 4 4 4 0 7 7 7 0 4 4 4 0 0 7 7 7 7 7 7 4 4 4 4 4 4 4 0 4 0 1 1 1 1 1 1 1 1 1 1 1 1 1 1 1 1 1 
1 1 1 1 1 1 1 1 1 1 1 1 0 0 4 4 0 4 4 0 4 0 0 4 0 7 7 7 7 0 0 4 4 0 4 4 0 0 7 7 7 7 0 0 0 7 7 0 4 4 4 4 4 4 4 0 0 7 7 7 0 0 4 0 4 4 4 0 0 4 0 0 4 4 4 4 4 4 0 4 4 4 0 1 1 1 1 1 1 1 1 1 1 1 1 1 1 1 1 1 
1 1 1 1 1 1 1 1 1 1 1 1 1 4 4 4 0 4 4 4 4 4 4 0 4 4 0 7 7 7 7 0 0 4 4 4 0 7 7 7 4 4 4 4 0 7 7 0 4 4 4 4 4 4 0 7 7 7 7 0 0 0 4 4 0 0 4 4 4 4 4 4 4 4 0 0 4 4 4 4 0 4 1 1 1 1 1 1 1 1 1 1 1 1 1 1 1 1 1 1 
1 1 1 1 1 1 1 1 1 1 1 1 1 4 4 4 4 4 4 4 4 4 4 0 0 4 4 0 7 7 7 7 7 4 4 4 7 7 4 4 4 4 0 4 0 7 7 0 4 4 4 4 4 0 7 7 7 7 7 7 0 0 0 4 4 4 4 4 0 0 0 0 0 0 0 0 4 4 4 0 0 4 1 1 1 1 1 1 1 1 1 1 1 1 1 1 1 1 1 1 
1 1 1 1 1 1 1 1 1 1 1 1 1 4 4 4 4 4 4 4 4 4 4 4 4 4 4 4 4 0 7 7 7 7 0 7 7 7 4 4 4 0 0 4 0 7 7 0 4 4 4 0 7 7 7 7 7 7 7 7 7 7 0 0 0 0 0 0 0 0 0 0 0 0 0 0 0 0 0 0 4 4 1 1 1 1 1 1 1 1 1 1 1 1 1 1 1 1 1 1 
1 1 1 1 1 1 1 1 1 1 1 1 1 0 4 4 4 4 4 4 4 4 4 4 4 4 4 4 4 4 0 0 7 7 7 7 7 4 4 4 4 4 4 4 0 7 7 0 0 0 7 7 7 7 7 0 0 7 7 7 7 7 7 0 0 0 0 0 0 0 0 0 0 0 0 0 0 0 0 4 4 1 1 1 1 1 1 1 1 1 1 1 1 1 1 1 1 1 1 1 
1 1 1 1 1 1 1 1 1 1 1 1 1 1 0 4 4 4 4 4 4 4 4 4 4 0 4 4 4 4 4 4 0 7 7 7 4 4 4 4 0 4 4 4 4 7 7 7 7 7 7 7 7 0 4 4 4 0 0 7 7 7 7 7 0 0 0 0 0 0 0 0 0 0 0 0 0 0 0 4 1 1 1 1 1 1 1 1 1 1 1 1 1 1 1 1 1 1 1 1 
1 1 1 1 1 1 1 1 1 1 1 1 1 1 0 0 4 0 4 4 4 0 4 4 4 4 4 4 4 4 0 0 7 7 7 0 4 4 4 0 4 4 4 4 0 0 7 7 7 7 7 0 0 4 4 0 4 4 4 0 0 0 7 0 0 0 0 0 0 0 0 0 0 0 0 0 0 0 4 4 1 1 1 1 1 1 1 1 1 1 1 1 1 1 1 1 1 1 1 1 
1 1 1 1 1 1 1 1 1 1 1 1 1 1 1 0 4 4 4 4 4 4 4 4 4 4 4 4 4 0 0 7 7 7 0 4 4 4 4 4 4 4 4 4 4 0 0 7 7 7 0 0 4 4 4 0 4 0 4 4 0 0 0 0 0 0 0 0 0 0 0 0 0 0 0 0 0 0 4 0 1 1 1 1 1 1 1 1 1 1 1 1 1 1 1 1 1 1 1 1 
1 1 1 1 1 1 1 1 1 1 1 1 1 1 1 1 0 4 4 4 4 4 4 4 4 4 4 4 0 0 7 7 7 0 4 4 4 0 0 4 0 0 4 4 4 4 0 0 7 7 0 0 4 4 4 4 4 4 4 4 0 0 0 0 0 0 0 0 0 0 0 0 0 0 0 0 0 0 4 1 1 1 1 1 1 1 1 1 1 1 1 1 1 1 1 1 1 1 1 1 
1 1 1 1 1 1 1 1 1 1 1 1 1 1 1 1 1 0 0 0 4 4 4 4 0 0 0 0 0 0 7 7 0 0 4 0 4 0 4 4 0 4 4 4 4 4 4 0 7 7 7 7 0 0 0 0 4 4 4 4 4 4 0 0 0 0 0 0 0 0 0 0 0 0 0 0 0 4 4 1 1 1 1 1 1 1 1 1 1 1 1 1 1 1 1 1 1 1 1 1 
1 1 1 1 1 1 1 1 1 1 1 1 1 1 1 1 1 1 1 0 0 0 0 0 0 0 0 0 0 7 7 7 0 4 4 4 4 4 4 0 0 4 4 4 0 4 4 4 0 7 7 7 7 7 7 7 0 0 0 4 4 4 0 0 0 0 0 0 0 0 0 0 0 0 0 0 0 4 1 1 1 1 1 1 1 1 1 1 1 1 1 1 1 1 1 1 1 1 1 1 
1 1 1 1 1 1 1 1 1 1 1 1 1 1 1 1 1 1 1 0 0 0 0 0 0 0 0 0 0 7 7 0 0 4 0 4 4 4 4 4 0 4 4 4 4 4 4 4 0 0 0 7 7 7 7 7 7 7 7 0 4 4 4 4 0 0 0 0 0 0 0 0 0 0 0 0 4 4 1 1 1 1 1 1 1 1 1 1 1 1 1 1 1 1 1 1 1 1 1 1 
1 1 1 1 1 1 1 1 1 1 1 1 1 1 1 1 1 1 1 1 0 0 0 0 0 0 0 0 0 7 0 0 4 4 4 4 0 4 4 4 0 4 4 4 0 0 0 4 4 4 0 0 0 0 0 7 7 7 7 7 4 4 0 4 0 0 0 0 0 0 0 0 0 0 0 4 4 1 1 1 1 1 1 1 1 1 1 1 1 1 1 1 1 1 1 1 1 1 1 1 
1 1 1 1 1 1 1 1 1 1 1 1 1 1 1 1 1 1 1 1 0 0 0 0 0 0 0 0 0 0 0 4 4 4 4 4 4 4 0 4 4 4 4 4 4 4 4 4 4 4 4 4 4 0 0 0 0 0 7 7 7 4 4 4 4 0 0 0 0 0 0 0 0 0 0 4 1 1 1 1 1 1 1 1 1 1 1 1 1 1 1 1 1 1 1 1 1 1 1 1 
1 1 1 1 1 1 1 1 1 1 1 1 1 1 1 1 1 1 1 1 0 0 0 0 0 0 0 0 0 0 0 4 4 0 4 0 4 4 0 4 4 4 4 0 0 0 4 4 4 4 4 4 4 4 4 4 4 0 0 7 7 7 0 4 4 0 0 0 0 0 0 0 0 4 4 4 1 1 1 1 1 1 1 1 1 1 1 1 1 1 1 1 1 1 1 1 1 1 1 1 
1 1 1 1 1 1 1 1 1 1 1 1 1 1 1 1 1 1 1 1 1 1 0 0 0 0 0 0 0 0 4 4 4 0 4 4 4 4 4 4 0 4 4 0 0 4 4 4 4 4 4 4 4 4 4 0 4 4 0 0 7 7 0 4 4 0 0 0 0 0 0 0 4 4 0 1 1 1 1 1 1 1 1 1 1 1 1 1 1 1 1 1 1 1 1 1 1 1 1 1 
1 1 1 1 1 1 1 1 1 1 1 1 1 1 1 1 1 1 1 1 1 1 1 1 0 0 0 0 0 0 4 4 4 0 4 4 0 4 4 4 4 4 4 0 4 4 4 4 4 4 4 4 0 4 4 4 4 0 0 7 7 7 0 4 4 0 0 0 0 0 4 4 4 0 1 1 1 1 1 1 1 1 1 1 1 1 1 1 1 1 1 1 1 1 1 1 1 1 1 1 
1 1 1 1 1 1 1 1 1 1 1 1 1 1 1 1 1 1 1 1 1 1 1 1 0 0 0 0 0 0 4 4 4 4 4 4 4 4 0 0 4 0 4 4 4 4 4 4 4 0 4 4 4 4 0 0 0 0 7 7 7 4 4 4 4 0 0 0 0 4 4 0 0 1 1 1 1 1 1 1 1 1 1 1 1 1 1 1 1 1 1 1 1 1 1 1 1 1 1 1 
1 1 1 1 1 1 1 1 1 1 1 1 1 1 1 1 1 1 1 1 1 1 1 1 1 0 0 0 0 0 0 4 0 0 4 4 4 4 4 4 4 0 4 4 4 4 4 0 4 4 4 4 0 0 0 0 7 7 7 7 4 4 4 0 4 0 0 0 4 4 0 0 1 1 1 1 1 1 1 1 1 1 1 1 1 1 1 1 1 1 1 1 1 1 1 1 1 1 1 1 
1 1 1 1 1 1 1 1 1 1 1 1 1 1 1 1 1 1 1 1 1 1 1 1 1 1 0 0 0 0 0 4 4 4 0 4 4 4 4 4 4 4 4 0 0 0 4 4 4 4 4 0 0 0 0 7 7 7 7 4 4 4 4 0 4 0 4 4 4 0 0 1 1 1 1 1 1 1 1 1 1 1 1 1 1 1 1 1 1 1 1 1 1 1 1 1 1 1 1 1 
1 1 1 1 1 1 1 1 1 1 1 1 1 1 1 1 1 1 1 1 1 1 1 1 1 1 1 1 1 0 0 0 0 4 4 4 4 4 0 4 4 4 4 4 4 4 4 4 4 0 0 0 0 0 7 7 7 0 0 4 4 4 4 4 4 4 4 4 4 4 1 1 1 1 1 1 1 1 1 1 1 1 1 1 1 1 1 1 1 1 1 1 1 1 1 1 1 1 1 1 
1 1 1 1 1 1 1 1 1 1 1 1 1 1 1 1 1 1 1 1 1 1 1 1 1 1 1 1 1 1 1 1 0 4 4 4 4 4 4 4 4 0 4 4 4 4 4 0 0 0 0 0 0 7 7 7 0 0 4 4 4 4 0 4 4 4 4 4 1 1 1 1 1 1 1 1 1 1 1 1 1 1 1 1 1 1 1 1 1 1 1 1 1 1 1 1 1 1 1 1 
1 1 1 1 1 1 1 1 1 1 1 1 1 1 1 1 1 1 1 1 1 1 1 1 1 1 1 1 1 1 1 1 1 1 0 4 4 4 4 4 4 4 4 0 0 4 4 0 0 0 0 0 0 0 0 0 0 4 4 4 4 4 4 4 4 0 1 1 1 1 1 1 1 1 1 1 1 1 1 1 1 1 1 1 1 1 1 1 1 1 1 1 1 1 1 1 1 1 1 1 
1 1 1 1 1 1 1 1 1 1 1 1 1 1 1 1 1 1 1 1 1 1 1 1 1 1 1 1 1 1 1 1 1 1 1 1 0 4 4 4 4 0 4 4 4 4 0 0 0 0 0 0 0 0 0 0 0 4 4 4 4 4 4 1 1 1 1 1 1 1 1 1 1 1 1 1 1 1 1 1 1 1 1 1 1 1 1 1 1 1 1 1 1 1 1 1 1 1 1 1 
1 1 1 1 1 1 1 1 1 1 1 1 1 1 1 1 1 1 1 1 1 1 1 1 1 1 1 1 1 1 1 1 1 1 1 1 1 4 4 4 4 4 4 0 0 0 0 0 0 0 0 0 0 0 0 0 0 4 4 0 0 1 1 1 1 1 1 1 1 1 1 1 1 1 1 1 1 1 1 1 1 1 1 1 1 1 1 1 1 1 1 1 1 1 1 1 1 1 1 1 
1 1 1 1 1 1 1 1 1 1 1 1 1 1 1 1 1 1 1 1 1 1 1 1 1 1 1 1 1 1 1 1 1 1 1 1 1 1 1 4 4 4 0 0 0 0 0 0 0 0 0 0 0 0 0 0 4 4 0 1 1 1 1 1 1 1 1 1 1 1 1 1 1 1 1 1 1 1 1 1 1 1 1 1 1 1 1 1 1 1 1 1 1 1 1 1 1 1 1 1 
1 1 1 1 1 1 1 1 1 1 1 1 1 1 1 1 1 1 1 1 1 1 1 1 1 1 1 1 1 1 1 1 1 1 1 1 1 1 1 1 1 1 0 0 0 0 0 0 0 0 0 0 0 0 0 0 0 1 1 1 1 1 1 1 1 1 1 1 1 1 1 1 1 1 1 1 1 1 1 1 1 1 1 1 1 1 1 1 1 1 1 1 1 1 1 1 1 1 1 1 
1 1 1 1 1 1 1 1 1 1 1 1 1 1 1 1 1 1 1 1 1 1 1 1 1 1 1 1 1 1 1 1 1 1 1 1 1 1 1 1 1 1 1 1 1 1 1 1 1 1 1 1 1 1 1 1 1 1 1 1 19 1 1 1 1 1 1 1 1 1 1 1 1 1 1 1 1 1 1 1 1 1 1 1 1 1 1 1 1 1 1 1 1 1 1 1 1 1 1 1 
1 1 1 1 1 1 1 1 1 1 1 1 1 1 1 1 1 1 1 1 1 1 1 1 1 1 1 1 1 1 1 1 1 1 1 1 1 1 1 1 1 1 1 1 1 19 1 1 1 1 1 1 1 1 1 1 1 1 1 1 1 1 1 1 1 1 1 1 1 1 1 1 1 1 1 1 1 1 1 1 1 1 1 1 1 1 1 1 1 1 1 1 1 1 1 1 1 1 1 1 
1 1 1 1 1 1 1 1 1 1 1 1 1 1 1 1 1 1 1 1 1 1 1 1 1 1 1 1 1 1 1 1 1 1 1 1 1 1 1 1 1 1 1 1 1 1 1 1 1 1 19 1 1 1 19 1 1 1 1 1 1 1 19 1 1 1 1 1 1 1 1 1 1 1 1 1 1 1 1 1 1 1 1 1 1 1 1 1 1 1 1 1 1 1 1 1 1 1 1 1 
1 1 1 1 1 1 1 1 1 1 1 1 1 1 1 1 1 1 1 1 1 1 1 1 1 1 1 1 1 1 1 1 1 1 1 1 1 1 1 1 1 1 19 1 1 1 1 19 1 1 1 1 1 1 1 1 1 1 1 19 1 1 1 1 1 1 1 1 1 1 1 1 1 1 1 1 1 1 1 1 1 1 1 1 1 1 1 1 1 1 1 1 1 1 1 1 1 1 1 1 
1 1 1 1 1 1 1 1 1 1 1 1 1 1 1 1 1 1 1 1 1 1 1 1 1 1 1 1 1 1 1 1 1 1 1 1 1 1 1 1 1 1 1 1 1 1 1 1 1 1 1 1 1 1 1 1 1 1 1 1 1 1 1 1 1 1 1 1 1 1 1 1 1 1 1 1 1 1 1 1 1 1 1 1 1 1 1 1 1 1 1 1 1 1 1 1 1 1 1 1 
1 1 1 1 1 1 1 1 1 1 1 1 1 1 1 1 1 1 1 1 1 1 1 1 1 1 1 1 1 1 1 1 1 1 1 1 1 1 1 1 1 1 1 1 1 1 1 1 1 1 1 1 1 19 1 1 1 1 1 19 1 1 1 1 1 1 1 1 1 1 1 1 1 1 1 1 1 1 1 1 1 1 1 1 1 1 1 1 1 1 1 1 1 1 1 1 1 1 1 1 
1 1 1 1 1 1 1 1 1 1 1 1 1 1 1 1 1 1 1 1 1 1 1 1 1 1 1 1 1 1 1 1 1 1 1 1 1 1 1 1 1 1 1 1 1 1 19 1 1 1 1 1 1 1 1 1 1 1 1 1 1 1 1 1 1 1 1 1 1 1 1 1 1 1 1 1 1 1 1 1 1 1 1 1 1 1 1 1 1 1 1 1 1 1 1 1 1 1 1 1 
1 1 1 1 1 1 1 1 1 1 1 1 1 1 1 1 1 1 1 1 1 1 1 1 1 1 1 1 1 1 1 1 1 1 1 1 1 1 1 1 1 1 1 1 1 1 1 1 1 1 1 1 1 1 1 1 1 1 1 1 1 1 1 1 1 1 1 1 1 1 1 1 1 1 1 1 1 1 1 1 1 1 1 1 1 1 1 1 1 1 1 1 1 1 1 1 1 1 1 1 
1 1 1 1 1 1 1 1 1 1 1 1 1 1 1 1 1 1 1 1 1 1 1 1 1 1 1 1 1 1 1 1 1 1 1 1 1 1 1 1 1 1 1 1 1 1 1 1 1 1 1 1 1 1 1 1 1 1 1 1 1 1 1 1 1 1 1 1 1 1 1 1 1 1 1 1 1 1 1 1 1 1 1 1 1 1 1 1 1 1 1 1 1 1 1 1 1 1 1 1 
1 1 1 1 1 1 1 1 1 1 1 1 1 1 1 1 1 1 1 1 1 1 1 1 1 1 1 1 1 1 1 1 1 1 1 1 1 1 1 1 1 1 1 1 1 1 1 1 1 1 1 1 1 1 1 1 1 1 1 1 1 1 1 1 1 1 1 1 1 1 1 1 1 1 1 1 1 1 1 1 1 1 1 1 1 1 1 1 1 1 1 1 1 1 1 1 1 1 1 1 
1 1 1 1 1 1 1 1 1 1 1 1 1 1 1 1 1 1 1 1 1 1 1 1 1 1 1 1 1 1 1 1 1 1 1 1 1 1 1 1 1 1 1 1 1 1 1 1 1 1 1 1 1 1 1 1 1 1 1 1 1 1 1 1 1 1 1 1 1 1 1 1 1 1 1 1 1 1 1 1 1 1 1 1 1 1 1 1 1 1 1 1 1 1 1 1 1 1 1 1 
1 1 1 1 1 1 1 1 1 1 1 1 1 1 1 1 1 1 1 1 1 1 1 1 1 1 1 1 1 1 1 1 1 1 1 1 1 1 1 1 1 1 1 1 1 1 1 1 1 1 1 1 1 1 1 1 1 1 1 1 1 1 1 1 1 1 1 1 1 1 1 1 1 1 1 1 1 1 1 1 1 1 1 1 1 1 1 1 1 1 1 1 1 1 1 1 1 1 1 1 
1 1 1 1 1 1 1 1 1 1 1 1 1 1 1 1 1 1 1 1 1 1 1 1 1 1 1 1 1 1 1 1 1 1 1 1 1 1 1 1 1 1 1 1 1 1 1 1 1 1 1 1 1 1 1 1 1 1 1 1 1 1 1 1 1 1 1 1 1 1 1 1 1 1 1 1 1 1 1 1 1 1 1 1 1 1 1 1 1 1 1 1 1 1 1 1 1 1 1 1 
1 1 1 1 1 1 1 1 1 1 1 1 1 1 1 1 1 1 1 1 1 1 1 1 1 1 1 1 1 1 1 1 1 1 1 1 1 1 1 1 1 1 1 1 1 1 1 1 1 1 1 1 1 1 1 1 1 1 1 1 1 1 1 1 1 1 1 1 1 1 1 1 1 1 1 1 1 1 1 1 1 1 1 1 1 1 1 1 1 1 1 1 1 1 1 1 1 1 1 1 
